V 5
CNF-SAT-VC: 2,3,5
CPU Time: 0.766 ms
APPROX-VC-1: 1,2,4
CPU Time: 0.102 ms
APPROX-VC-2: 2,3,4,5
CPU Time: 0.053 ms

V 5
CNF-SAT-VC: 1,2
CPU Time: 0.498 ms
APPROX-VC-1: 1,2
CPU Time: 0.042 ms
APPROX-VC-2: 1,2,3,4
CPU Time: 0.007 ms

V 5
CNF-SAT-VC: 3,4,5
CPU Time: 0.313 ms
APPROX-VC-1: 1,2,3
CPU Time: 0.032 ms
APPROX-VC-2: 1,2,3,5
CPU Time: 0.005 ms

V 5
CNF-SAT-VC: 1,2
CPU Time: 0.296 ms
APPROX-VC-1: 1,2
CPU Time: 0.025 ms
APPROX-VC-2: 1,2,3,4
CPU Time: 0.004 ms

V 5
CNF-SAT-VC: 1,2
CPU Time: 0.260 ms
APPROX-VC-1: 1,2
CPU Time: 0.025 ms
APPROX-VC-2: 1,2,3,4
CPU Time: 0.004 ms

V 5
CNF-SAT-VC: 3,4,5
CPU Time: 0.221 ms
APPROX-VC-1: 1,2,3
CPU Time: 0.021 ms
APPROX-VC-2: 1,2,4,5
CPU Time: 0.003 ms

V 5
CNF-SAT-VC: 3,4,5
CPU Time: 0.211 ms
APPROX-VC-1: 1,2,3
CPU Time: 0.019 ms
APPROX-VC-2: 1,2,3,5
CPU Time: 0.003 ms

V 5
CNF-SAT-VC: 1,2
CPU Time: 0.207 ms
APPROX-VC-1: 1,2
CPU Time: 0.016 ms
APPROX-VC-2: 1,2,4,5
CPU Time: 0.003 ms

V 5
CNF-SAT-VC: 3,4,5
CPU Time: 0.196 ms
APPROX-VC-1: 1,2,4
CPU Time: 0.018 ms
APPROX-VC-2: 1,2,4,5
CPU Time: 0.003 ms

V 5
CNF-SAT-VC: 1,2
CPU Time: 0.196 ms
APPROX-VC-1: 1,2
CPU Time: 0.018 ms
APPROX-VC-2: 1,2,3,5
CPU Time: 0.003 ms

V 10
CNF-SAT-VC: 2,4,5,8,9
CPU Time: 0.738 ms
APPROX-VC-1: 2,3,4,5,9
CPU Time: 0.026 ms
APPROX-VC-2: 1,2,3,4,5,8,9,10
CPU Time: 0.004 ms

V 10
CNF-SAT-VC: 1,3,4,5,8
CPU Time: 0.729 ms
APPROX-VC-1: 1,2,3,4,5,7
CPU Time: 0.024 ms
APPROX-VC-2: 1,3,4,5,7,8,9,10
CPU Time: 0.004 ms

V 10
CNF-SAT-VC: 2,4,5,9
CPU Time: 0.548 ms
APPROX-VC-1: 2,3,5,9
CPU Time: 0.023 ms
APPROX-VC-2: 1,2,3,4,5,6,9,10
CPU Time: 0.003 ms

V 10
CNF-SAT-VC: 2,3,4,6,8,9
CPU Time: 1.098 ms
APPROX-VC-1: 1,2,3,4,5,7
CPU Time: 0.024 ms
APPROX-VC-2: 1,2,3,4,5,6,7,8,9,10
CPU Time: 0.004 ms

V 10
CNF-SAT-VC: 2,4,5,9,10
CPU Time: 0.682 ms
APPROX-VC-1: 1,2,4,5,10
CPU Time: 0.024 ms
APPROX-VC-2: 1,2,4,5,6,8,9,10
CPU Time: 0.004 ms

V 10
CNF-SAT-VC: 3,4,5,6,8
CPU Time: 0.647 ms
APPROX-VC-1: 2,3,4,5,6
CPU Time: 0.025 ms
APPROX-VC-2: 2,3,4,5,6,8,9,10
CPU Time: 0.004 ms

V 10
CNF-SAT-VC: 1,2,3,5,8
CPU Time: 0.673 ms
APPROX-VC-1: 1,2,3,5,8
CPU Time: 0.024 ms
APPROX-VC-2: 1,2,3,5,6,7,8,9
CPU Time: 0.004 ms

V 10
CNF-SAT-VC: 1,2,4,5
CPU Time: 0.565 ms
APPROX-VC-1: 1,2,4,5
CPU Time: 0.025 ms
APPROX-VC-2: 1,2,3,4,5,6,8,10
CPU Time: 0.004 ms

V 10
CNF-SAT-VC: 1,7,8,9,10
CPU Time: 0.622 ms
APPROX-VC-1: 1,2,3,7,8
CPU Time: 0.026 ms
APPROX-VC-2: 1,6,7,8,9,10
CPU Time: 0.004 ms

V 10
CNF-SAT-VC: 3,5,6,7,8,9
CPU Time: 0.908 ms
APPROX-VC-1: 1,2,3,4,5,6
CPU Time: 0.026 ms
APPROX-VC-2: 1,2,3,5,6,7,9,10
CPU Time: 0.007 ms

V 15
CNF-SAT-VC: 2,6,7,8,9,10,11,13
CPU Time: 1.711 ms
APPROX-VC-1: 2,3,5,8,9,10,11,13
CPU Time: 0.032 ms
APPROX-VC-2: 1,2,3,5,6,8,10,11,12,13
CPU Time: 0.005 ms

V 15
CNF-SAT-VC: 1,2,4,8,9,13,14
CPU Time: 1.372 ms
APPROX-VC-1: 1,2,4,6,8,9,14
CPU Time: 0.032 ms
APPROX-VC-2: 1,2,3,4,6,8,9,11,12,14
CPU Time: 0.005 ms

V 15
CNF-SAT-VC: 1,4,6,10,12,13,14
CPU Time: 1.475 ms
APPROX-VC-1: 1,3,4,5,6,7,9
CPU Time: 0.032 ms
APPROX-VC-2: 1,2,4,5,6,7,9,10,13,14
CPU Time: 0.005 ms

V 15
CNF-SAT-VC: 1,2,5,7,9,14,15
CPU Time: 1.438 ms
APPROX-VC-1: 1,2,4,5,7,14,15
CPU Time: 0.031 ms
APPROX-VC-2: 1,2,5,7,9,10,11,12,14,15
CPU Time: 0.004 ms

V 15
CNF-SAT-VC: 1,3,6,7,8,9,13
CPU Time: 1.374 ms
APPROX-VC-1: 1,3,6,7,9,11,13
CPU Time: 0.032 ms
APPROX-VC-2: 1,2,4,5,6,7,8,9,11,12,13,15
CPU Time: 0.005 ms

V 15
CNF-SAT-VC: 1,2,5,8,12,13,15
CPU Time: 1.344 ms
APPROX-VC-1: 1,2,5,6,8,9,13
CPU Time: 0.032 ms
APPROX-VC-2: 1,2,5,6,8,9,10,11,12,13
CPU Time: 0.005 ms

V 15
CNF-SAT-VC: 1,4,6,7,10,11,13
CPU Time: 1.473 ms
APPROX-VC-1: 1,2,4,5,6,7,8,10
CPU Time: 0.034 ms
APPROX-VC-2: 1,2,4,6,7,8,9,10,11,12,13,15
CPU Time: 0.005 ms

V 15
CNF-SAT-VC: 2,3,5,7,11,12,15
CPU Time: 1.512 ms
APPROX-VC-1: 2,3,5,7,8,11,12
CPU Time: 0.030 ms
APPROX-VC-2: 2,3,4,5,8,11,12,13,14,15
CPU Time: 0.004 ms

V 15
CNF-SAT-VC: 2,4,5,7,9,12,14
CPU Time: 1.314 ms
APPROX-VC-1: 1,2,3,4,5,6,7,8
CPU Time: 0.030 ms
APPROX-VC-2: 1,2,3,4,5,7,8,12,13,14
CPU Time: 0.005 ms

V 15
CNF-SAT-VC: 1,2,4,7,8,13
CPU Time: 1.546 ms
APPROX-VC-1: 1,2,3,4,5,6,7,8
CPU Time: 0.032 ms
APPROX-VC-2: 1,2,3,4,5,6,7,8,9,11,12,13
CPU Time: 0.005 ms

V 20
CNF-SAT-VC: 4,5,6,7,8,11,13,17,18,19
CPU Time: 3.264 ms
APPROX-VC-1: 1,2,3,4,5,7,8,9,11,13,18
CPU Time: 0.040 ms
APPROX-VC-2: 1,2,3,4,5,6,7,8,9,11,13,14,15,17,18,19
CPU Time: 0.006 ms

V 20
CNF-SAT-VC: 3,5,6,9,10,11,13,14,16,17
CPU Time: 3.433 ms
APPROX-VC-1: 1,4,5,6,7,9,10,12,14,15
CPU Time: 0.040 ms
APPROX-VC-2: 1,4,5,6,7,9,12,13,14,15,16,17,19,20
CPU Time: 0.006 ms

V 20
CNF-SAT-VC: 1,3,4,6,7,9,10,14,15,16
CPU Time: 3.730 ms
APPROX-VC-1: 1,3,4,6,7,9,10,14,15,16
CPU Time: 0.040 ms
APPROX-VC-2: 1,2,4,5,6,7,9,10,11,12,13,15,16,20
CPU Time: 0.006 ms

V 20
CNF-SAT-VC: 3,5,6,9,10,11,13,17,18,20
CPU Time: 3.128 ms
APPROX-VC-1: 3,5,6,8,10,11,12,13,18,20
CPU Time: 0.038 ms
APPROX-VC-2: 2,3,4,5,6,8,9,10,11,13,15,16,17,18,19,20
CPU Time: 0.006 ms

V 20
CNF-SAT-VC: 3,4,5,8,9,10,13,16,17,20
CPU Time: 3.647 ms
APPROX-VC-1: 2,3,4,5,6,8,9,10,16,20
CPU Time: 0.040 ms
APPROX-VC-2: 1,2,3,4,5,8,9,10,11,12,16,17,18,20
CPU Time: 0.006 ms

V 20
CNF-SAT-VC: 2,4,10,11,15,17,19,20
CPU Time: 3.045 ms
APPROX-VC-1: 2,4,10,11,15,17,19,20
CPU Time: 0.040 ms
APPROX-VC-2: 2,3,4,9,10,11,14,15,17,18,19,20
CPU Time: 0.006 ms

V 20
CNF-SAT-VC: 1,2,6,7,8,10,14,15,18,19,20
CPU Time: 5.306 ms
APPROX-VC-1: 1,2,3,4,5,7,8,9,11,13,17
CPU Time: 0.039 ms
APPROX-VC-2: 1,2,3,4,5,7,10,11,13,14,15,17,19,20
CPU Time: 0.006 ms

V 20
CNF-SAT-VC: 1,3,4,6,7,8,10,15,16,17,19
CPU Time: 4.372 ms
APPROX-VC-1: 1,2,4,6,8,9,10,11,12,13,14,15
CPU Time: 0.038 ms
APPROX-VC-2: 1,2,3,4,6,7,8,9,10,11,12,13,15,16,17,18,19,20
CPU Time: 0.006 ms

V 20
CNF-SAT-VC: 2,4,6,8,10,12,13,15
CPU Time: 2.806 ms
APPROX-VC-1: 2,3,4,6,8,10,13,15
CPU Time: 0.036 ms
APPROX-VC-2: 1,2,3,4,6,8,9,10,11,12,13,18,19,20
CPU Time: 0.010 ms

V 20
CNF-SAT-VC: 1,2,3,4,8,11,12,14,16,20
CPU Time: 3.136 ms
APPROX-VC-1: 1,2,3,4,5,6,8,9,10,12
CPU Time: 0.038 ms
APPROX-VC-2: 1,2,3,4,5,6,8,10,11,12,13,14,18,20
CPU Time: 0.006 ms

V 25
CNF-SAT-VC: 1,2,3,6,11,12,13,15,17,21,23,24
CPU Time: 6.886 ms
APPROX-VC-1: 1,2,3,4,5,6,7,10,12,13,15,17,21
CPU Time: 0.045 ms
APPROX-VC-2: 1,2,3,4,5,6,7,10,11,12,13,15,16,17,19,24
CPU Time: 0.007 ms

V 25
CNF-SAT-VC: 4,5,6,7,8,10,11,13,15,17,22,24
CPU Time: 6.593 ms
APPROX-VC-1: 1,2,3,4,5,6,7,8,10,13,15,16,17
CPU Time: 0.047 ms
APPROX-VC-2: 1,2,3,4,5,6,7,8,10,12,13,15,17,19,20,21,22,25
CPU Time: 0.007 ms

V 25
CNF-SAT-VC: 2,3,5,8,9,16,17,18,20,21,23,24,25
CPU Time: 6.999 ms
APPROX-VC-1: 1,2,3,5,6,8,11,12,13,15,16,17,20
CPU Time: 0.048 ms
APPROX-VC-2: 1,2,3,4,5,8,9,10,12,13,15,16,17,18,19,20,21,23,24,25
CPU Time: 0.008 ms

V 25
CNF-SAT-VC: 1,4,7,9,10,11,12,13,14,15,19,23
CPU Time: 6.416 ms
APPROX-VC-1: 1,2,3,4,5,7,8,11,12,13,14,15,20
CPU Time: 0.042 ms
APPROX-VC-2: 1,2,3,4,6,7,8,9,10,11,13,14,15,17,18,20,22,23
CPU Time: 0.006 ms

V 25
CNF-SAT-VC: 1,4,6,12,16,17,18,20,21,23,24
CPU Time: 7.236 ms
APPROX-VC-1: 1,4,6,11,12,16,18,20,21,23,24
CPU Time: 0.048 ms
APPROX-VC-2: 1,3,4,5,6,7,8,9,10,12,16,17,18,20,21,22,23,24
CPU Time: 0.007 ms

V 25
CNF-SAT-VC: 1,2,4,5,6,7,8,9,12,13,15,23
CPU Time: 7.341 ms
APPROX-VC-1: 1,2,5,7,8,9,10,11,12,13,14,15,16
CPU Time: 0.046 ms
APPROX-VC-2: 1,2,3,5,6,7,8,9,10,11,12,13,14,15,16,18,23,25
CPU Time: 0.007 ms

V 25
CNF-SAT-VC: 5,6,7,8,9,11,13,14,19,21,23
CPU Time: 5.533 ms
APPROX-VC-1: 5,6,7,8,9,11,13,14,15,17,19,21
CPU Time: 0.043 ms
APPROX-VC-2: 1,2,5,6,7,8,9,10,11,12,13,14,15,17,19,20,21,22,23,25
CPU Time: 0.010 ms

V 25
CNF-SAT-VC: 1,2,3,6,12,17,18,20,21,22,23
CPU Time: 6.763 ms
APPROX-VC-1: 1,2,3,5,6,7,10,12,13,17,18,20
CPU Time: 0.048 ms
APPROX-VC-2: 1,2,3,5,7,8,10,11,12,17,18,19,20,21,22,23
CPU Time: 0.008 ms

V 25
CNF-SAT-VC: 2,3,4,5,7,8,9,15,17,18,19
CPU Time: 6.065 ms
APPROX-VC-1: 2,3,4,5,7,8,9,10,15,17,18
CPU Time: 0.047 ms
APPROX-VC-2: 1,2,3,4,5,6,7,9,12,15,16,17,18,19,23,24
CPU Time: 0.007 ms

V 25
CNF-SAT-VC: 2,3,5,10,11,14,16,18,20,21,23,24
CPU Time: 5.514 ms
APPROX-VC-1: 1,2,3,4,5,6,7,8,9,11,13,18,22
CPU Time: 0.046 ms
APPROX-VC-2: 1,2,3,4,6,7,8,10,11,13,16,18,19,20,21,22,23,25
CPU Time: 0.008 ms

V 30
CNF-SAT-VC: 1,3,4,9,10,11,13,14,15,16,17,24,25,27,29
CPU Time: 17.615 ms
APPROX-VC-1: 1,2,3,4,5,6,8,9,10,11,15,16,17,18,22,29
CPU Time: 0.053 ms
APPROX-VC-2: 1,2,3,4,5,6,7,9,11,13,14,15,16,17,21,22,24,25,27,28,29,30
CPU Time: 0.009 ms

V 30
CNF-SAT-VC: 1,2,5,7,8,11,12,14,15,18,21,24,29
CPU Time: 11.990 ms
APPROX-VC-1: 1,2,3,4,5,7,10,11,12,13,14,18,21
CPU Time: 0.052 ms
APPROX-VC-2: 1,2,3,4,5,6,7,8,10,11,12,13,14,15,16,18,20,21,24,25,26,29
CPU Time: 0.009 ms

V 30
CNF-SAT-VC: 1,3,4,6,9,10,11,14,16,19,22,25,28,30
CPU Time: 11.745 ms
APPROX-VC-1: 1,2,3,4,7,9,10,11,12,13,14,16,18,19,22,28
CPU Time: 0.052 ms
APPROX-VC-2: 1,3,4,5,7,8,9,10,11,12,13,14,16,19,20,22,23,24,25,27,28,30
CPU Time: 0.009 ms

V 30
CNF-SAT-VC: 1,4,5,7,10,13,16,19,21,25,26,28,29,30
CPU Time: 15.728 ms
APPROX-VC-1: 1,3,4,5,7,8,10,11,15,17,20,25,26,28
CPU Time: 0.051 ms
APPROX-VC-2: 1,2,3,4,5,7,8,9,10,11,12,13,15,16,17,19,20,21,22,25,26,28,29,30
CPU Time: 0.010 ms

V 30
CNF-SAT-VC: 1,2,5,6,9,12,13,14,18,19,20,23,24,27
CPU Time: 9.434 ms
APPROX-VC-1: 1,2,3,4,5,6,7,9,12,13,14,18,20,23,24
CPU Time: 0.056 ms
APPROX-VC-2: 1,2,3,5,7,8,9,10,12,13,14,17,18,19,20,21,23,24,27,29
CPU Time: 0.009 ms

V 30
CNF-SAT-VC: 1,2,3,5,9,10,15,16,17,19,22,27,28,29
CPU Time: 13.700 ms
APPROX-VC-1: 1,2,3,5,6,8,9,10,15,16,17,19,22,27,29
CPU Time: 0.052 ms
APPROX-VC-2: 1,2,3,5,6,7,8,9,10,11,13,14,15,16,18,19,22,23,25,26,27,28,29,30
CPU Time: 0.009 ms

V 30
CNF-SAT-VC: 2,4,8,10,12,13,14,15,16,17,18,21,23,24,25,26
CPU Time: 25.534 ms
APPROX-VC-1: 1,2,3,4,6,9,10,12,13,14,15,16,17,20,21,25
CPU Time: 0.054 ms
APPROX-VC-2: 2,3,4,5,6,8,9,10,11,12,13,15,16,17,18,20,21,25,26,28,29,30
CPU Time: 0.009 ms

V 30
CNF-SAT-VC: 1,2,6,7,8,9,11,12,14,16,22,26,28,29
CPU Time: 12.465 ms
APPROX-VC-1: 1,2,5,6,7,8,9,11,12,14,16,19,22,28
CPU Time: 0.054 ms
APPROX-VC-2: 1,2,5,6,7,8,9,11,12,13,14,15,16,18,19,21,22,24,25,26,28,29
CPU Time: 0.009 ms

V 30
CNF-SAT-VC: 1,4,6,8,12,13,14,15,17,19,20,22,23,26
CPU Time: 10.598 ms
APPROX-VC-1: 1,4,5,6,8,9,12,14,15,18,19,20,21,22
CPU Time: 0.053 ms
APPROX-VC-2: 1,2,3,4,5,6,7,8,9,10,11,12,13,14,15,17,18,19,20,21,24,28
CPU Time: 0.009 ms

V 30
CNF-SAT-VC: 1,2,5,8,10,13,14,15,18,21,23,25,29
CPU Time: 10.006 ms
APPROX-VC-1: 1,2,5,6,7,8,10,11,13,14,17,18,21,23
CPU Time: 0.053 ms
APPROX-VC-2: 1,2,3,5,7,8,10,11,13,14,15,17,18,19,20,21,22,23,25,26,28,29
CPU Time: 0.009 ms

V 35
CNF-SAT-VC: 2,3,4,5,8,11,12,13,14,15,20,22,23,27,28,30,31,32
CPU Time: 64.622 ms
APPROX-VC-1: 1,2,3,4,5,7,8,11,12,13,14,17,20,23,27,28,30,32
CPU Time: 0.060 ms
APPROX-VC-2: 1,2,3,6,7,8,9,11,12,13,14,16,18,20,21,22,23,24,25,26,27,28,29,30,31,32,34,35
CPU Time: 0.010 ms

V 35
CNF-SAT-VC: 2,3,4,6,7,11,13,14,15,16,19,21,24,25,28,31
CPU Time: 45.441 ms
APPROX-VC-1: 2,3,4,6,7,11,13,14,15,16,19,21,24,25,28,31
CPU Time: 0.060 ms
APPROX-VC-2: 2,3,4,5,6,7,9,11,12,13,15,16,18,19,21,23,24,25,28,29,30,31,32,35
CPU Time: 0.011 ms

V 35
CNF-SAT-VC: 1,2,3,4,5,7,8,10,11,13,14,16,19,20,30,31,33
CPU Time: 64.857 ms
APPROX-VC-1: 1,2,3,4,5,7,8,10,11,12,13,14,16,19,20,30,31
CPU Time: 0.059 ms
APPROX-VC-2: 1,2,3,4,5,6,7,8,9,10,11,12,13,14,16,17,19,20,24,25,26,27,28,29,30,31,32,33,34,35
CPU Time: 0.012 ms

V 35
CNF-SAT-VC: 1,2,3,8,9,10,13,14,18,19,21,24,25,28,31,35
CPU Time: 24.366 ms
APPROX-VC-1: 1,2,3,6,8,9,10,13,14,18,19,24,25,28,31,35
CPU Time: 0.057 ms
APPROX-VC-2: 1,3,4,6,7,8,9,10,11,13,14,16,18,19,23,24,25,27,28,29,30,31,33,35
CPU Time: 0.008 ms

V 35
CNF-SAT-VC: 2,6,7,10,11,13,16,19,20,22,24,26,29,30,31,34,35
CPU Time: 31.842 ms
APPROX-VC-1: 1,2,6,7,10,11,13,19,20,21,22,24,26,29,31,34,35
CPU Time: 0.059 ms
APPROX-VC-2: 1,2,3,5,6,7,8,9,10,11,13,15,16,17,19,20,21,22,24,26,29,30,31,32,34,35
CPU Time: 0.011 ms

V 35
CNF-SAT-VC: 1,2,3,4,5,8,10,11,15,17,18,21,26,27,28
CPU Time: 21.750 ms
APPROX-VC-1: 1,2,3,4,5,8,9,10,11,15,17,18,24,27,28
CPU Time: 0.060 ms
APPROX-VC-2: 1,2,3,4,5,6,7,8,10,11,12,13,15,16,17,18,21,23,24,25,26,27,28,34
CPU Time: 0.011 ms

V 35
CNF-SAT-VC: 1,2,7,8,12,14,15,18,21,24,26,27,29,33,34
CPU Time: 16.537 ms
APPROX-VC-1: 1,2,7,8,10,11,12,14,15,18,24,26,27,29,33,34
CPU Time: 0.061 ms
APPROX-VC-2: 1,2,3,5,7,8,9,10,11,12,13,14,15,16,18,20,21,22,24,26,27,28,29,30,32,33,34,35
CPU Time: 0.012 ms

V 35
CNF-SAT-VC: 1,5,6,8,9,10,12,14,15,16,19,20,22,31,32,34,35
CPU Time: 47.904 ms
APPROX-VC-1: 1,3,5,6,8,9,10,12,14,16,17,19,20,22,25,28,32
CPU Time: 0.063 ms
APPROX-VC-2: 1,2,5,6,7,8,9,10,12,13,14,15,16,17,18,19,20,21,22,23,25,26,27,28,29,31,34,35
CPU Time: 0.013 ms

V 35
CNF-SAT-VC: 2,4,7,8,9,10,14,15,16,17,20,22,23,24,26,27
CPU Time: 21.638 ms
APPROX-VC-1: 2,4,5,7,8,9,10,14,15,16,17,20,22,23,24,26
CPU Time: 0.061 ms
APPROX-VC-2: 1,2,4,5,6,7,9,10,12,14,15,16,17,18,19,20,22,23,24,25,26,27,30,32,33,35
CPU Time: 0.011 ms

V 35
CNF-SAT-VC: 1,2,4,5,6,7,10,12,13,18,19,23,29,31,34
CPU Time: 17.930 ms
APPROX-VC-1: 1,2,4,5,6,7,10,12,13,17,18,23,29,31,34
CPU Time: 0.060 ms
APPROX-VC-2: 1,2,3,5,6,7,9,10,11,12,13,16,17,18,19,21,22,23,24,28,29,30,31,32,33,34
CPU Time: 0.011 ms

V 40
CNF-SAT-VC: 4,7,8,9,10,11,15,19,22,25,26,27,28,29,31,32,33,34
CPU Time: 34.991 ms
APPROX-VC-1: 1,2,4,5,7,9,10,15,16,18,19,25,26,27,29,32,33,34
CPU Time: 0.069 ms
APPROX-VC-2: 1,2,4,5,6,7,8,9,10,11,14,15,16,18,19,20,21,22,25,26,27,28,29,31,32,33,34,36,38,40
CPU Time: 0.012 ms

V 40
CNF-SAT-VC: 1,6,8,9,10,13,14,17,18,19,22,25,26,28,29,31,32,33,35
CPU Time: 119.230 ms
APPROX-VC-1: 1,2,4,6,8,9,10,13,14,17,18,19,20,22,24,25,26,28,29,31,33
CPU Time: 0.068 ms
APPROX-VC-2: 1,2,3,4,6,8,9,10,11,12,13,14,16,18,19,20,22,24,25,26,27,28,29,31,32,33,34,35,36,37,39,40
CPU Time: 0.013 ms

V 40
CNF-SAT-VC: 4,5,7,8,9,10,11,12,14,15,16,21,22,25,26,29,31,32,34,36,39
CPU Time: 171.984 ms
APPROX-VC-1: 1,3,4,5,7,8,9,10,11,12,14,15,16,19,21,22,25,29,32,36,37,39
CPU Time: 0.068 ms
APPROX-VC-2: 1,2,3,4,5,7,8,9,10,12,14,15,16,19,21,22,24,25,27,28,29,33,35,36,37,38,39,40
CPU Time: 0.012 ms

V 40
CNF-SAT-VC: 1,3,5,6,7,8,9,12,14,15,16,19,22,30,34,35,36,37,38
CPU Time: 88.857 ms
APPROX-VC-1: 1,3,4,5,6,7,8,9,11,12,14,15,16,19,21,22,24,30,32
CPU Time: 0.068 ms
APPROX-VC-2: 1,3,4,5,6,7,8,9,10,11,12,14,15,16,19,20,22,23,24,27,29,30,31,32,33,34,37,38
CPU Time: 0.012 ms

V 40
CNF-SAT-VC: 9,10,12,13,14,17,20,23,26,27,28,29,30,32,34,37,38,39,40
CPU Time: 49.588 ms
APPROX-VC-1: 1,2,4,6,8,9,10,11,12,13,14,15,18,20,23,26,27,28,32,33,36,40
CPU Time: 0.070 ms
APPROX-VC-2: 1,2,4,5,6,8,9,10,11,12,13,14,15,16,17,19,20,23,26,27,28,29,30,31,32,33,35,36,37,38,39,40
CPU Time: 0.013 ms

V 40
CNF-SAT-VC: 3,5,9,11,12,13,15,16,19,20,22,23,26,28,30,32,33,35,36,38
CPU Time: 45.019 ms
APPROX-VC-1: 1,2,3,5,7,9,11,12,14,15,16,20,22,23,26,28,30,33,36,38
CPU Time: 0.069 ms
APPROX-VC-2: 1,2,3,4,5,6,9,11,12,13,14,15,16,20,21,22,23,26,27,28,29,30,32,33,34,35,36,37,38,39
CPU Time: 0.014 ms

V 40
CNF-SAT-VC: 1,3,8,9,10,12,13,14,18,20,21,24,25,26,27,30,36,38
CPU Time: 53.889 ms
APPROX-VC-1: 1,3,8,9,10,12,13,14,18,20,21,22,23,24,25,27,30,32,38
CPU Time: 0.072 ms
APPROX-VC-2: 1,2,3,8,9,10,12,13,14,17,18,19,20,21,22,23,24,25,26,27,29,30,35,36,37,38,39,40
CPU Time: 0.013 ms

V 40
CNF-SAT-VC: 1,2,4,5,6,10,11,14,16,19,23,26,28,29,30,31,33,38,40
CPU Time: 85.028 ms
APPROX-VC-1: 1,2,4,5,6,7,9,10,11,14,15,16,17,18,20,23,24,25,28,29,40
CPU Time: 0.069 ms
APPROX-VC-2: 1,2,3,4,5,6,7,8,9,10,11,13,14,15,16,18,19,20,21,23,24,25,28,29,31,33,34,36,38,40
CPU Time: 0.012 ms

V 40
CNF-SAT-VC: 3,6,7,9,13,16,17,18,19,21,22,24,25,28,31,32,35,36,39
CPU Time: 80.654 ms
APPROX-VC-1: 3,6,7,8,9,10,12,13,15,16,17,18,19,21,22,25,28,32,35
CPU Time: 0.068 ms
APPROX-VC-2: 1,3,7,8,10,12,13,15,16,17,18,19,21,22,23,24,25,26,28,29,30,31,32,35,36,37,38,40
CPU Time: 0.012 ms

V 40
CNF-SAT-VC: 1,2,4,7,8,13,15,17,18,21,22,24,25,26,27,32,33,36,40
CPU Time: 62.214 ms
APPROX-VC-1: 1,2,4,6,8,9,10,11,15,16,18,20,21,22,23,24,25,26,27,31,32
CPU Time: 0.068 ms
APPROX-VC-2: 1,2,3,4,6,8,9,11,13,15,16,17,19,20,21,22,23,24,26,27,28,29,31,32,33,34,36,38,39,40
CPU Time: 0.012 ms

V 45
CNF-SAT-VC: 2,3,4,5,9,12,13,14,16,17,18,19,20,22,24,25,32,35,37,39,45
CPU Time: 109.086 ms
APPROX-VC-1: 1,2,3,4,5,9,10,11,12,13,14,16,17,18,20,22,32,34,35,37,40,45
CPU Time: 0.080 ms
APPROX-VC-2: 1,2,3,4,5,6,10,11,12,13,14,16,17,19,20,22,23,25,26,27,30,32,34,35,37,38,39,40,41,42,43,45
CPU Time: 0.016 ms

V 45
CNF-SAT-VC: 2,4,7,8,10,14,15,20,21,22,25,28,29,30,31,32,33,34,36,38,39,41
CPU Time: 279.906 ms
APPROX-VC-1: 2,3,4,5,6,7,8,9,10,14,20,22,23,25,28,29,31,32,33,34,36,38,41
CPU Time: 0.085 ms
APPROX-VC-2: 2,3,4,5,6,7,8,9,10,11,12,14,15,17,18,19,20,21,22,23,24,25,28,29,30,31,32,33,34,35,36,38,39,40,41,42,43,45
CPU Time: 0.016 ms

V 45
CNF-SAT-VC: 1,2,3,4,6,7,8,10,11,14,16,18,22,24,32,35,37,39,43
CPU Time: 72.796 ms
APPROX-VC-1: 1,2,3,4,6,7,8,10,11,14,16,18,22,24,32,35,37,39,43
CPU Time: 0.077 ms
APPROX-VC-2: 1,2,3,4,6,7,8,9,10,11,12,14,16,18,19,20,21,22,23,24,25,26,27,28,30,31,32,33,35,36,37,39,43,44
CPU Time: 0.015 ms

V 45
CNF-SAT-VC: 2,5,6,7,9,10,13,14,15,17,19,20,22,26,29,30,31,33,36,38,40,42
CPU Time: 192.364 ms
APPROX-VC-1: 2,3,4,5,6,7,8,9,10,12,13,15,17,20,26,28,29,31,34,36,37,38,42
CPU Time: 0.079 ms
APPROX-VC-2: 1,2,3,4,5,6,7,8,9,10,13,14,15,17,18,19,22,24,26,27,28,29,30,31,33,34,35,36,37,38,40,42,44,45
CPU Time: 0.016 ms

V 45
CNF-SAT-VC: 1,2,3,4,5,6,12,13,14,16,22,30,31,32,33,37,38,39,41,43,44
CPU Time: 183.454 ms
APPROX-VC-1: 1,2,3,4,5,6,7,9,10,11,12,14,21,22,26,27,30,31,32,34,37,39
CPU Time: 0.079 ms
APPROX-VC-2: 1,2,3,4,5,6,7,8,9,10,12,14,16,19,22,25,26,27,29,30,31,32,33,34,35,36,37,38,39,43,44,45
CPU Time: 0.015 ms

V 45
CNF-SAT-VC: 1,3,4,5,8,9,10,15,16,20,23,24,26,28,29,30,32,34,35,37,40,41,42
CPU Time: 231.546 ms
APPROX-VC-1: 1,3,4,8,9,10,13,15,16,22,23,24,26,28,29,30,31,32,34,37,40,41,42,43
CPU Time: 0.086 ms
APPROX-VC-2: 1,2,4,5,6,7,8,9,10,12,14,15,16,20,21,22,24,25,26,27,28,29,30,32,33,34,35,37,38,39,40,41,42,43,44,45
CPU Time: 0.016 ms

V 45
CNF-SAT-VC: 1,2,3,6,8,9,10,11,12,15,17,21,22,24,26,27,29,36,37,38,41,44
CPU Time: 299.618 ms
APPROX-VC-1: 1,2,3,5,6,8,9,11,12,14,15,17,18,19,20,22,26,27,29,33,37,38,44
CPU Time: 0.085 ms
APPROX-VC-2: 1,2,3,5,7,8,9,10,11,12,13,15,16,17,19,20,22,23,24,26,28,29,30,31,32,33,34,35,36,37,38,39,40,41,43,44
CPU Time: 0.016 ms

V 45
CNF-SAT-VC: 1,3,4,6,14,15,16,17,22,25,26,27,28,29,31,33,35,36,38,44,45
CPU Time: 189.130 ms
APPROX-VC-1: 1,2,3,4,6,10,13,14,15,16,17,21,22,25,27,28,29,31,36,38,45
CPU Time: 0.080 ms
APPROX-VC-2: 1,3,4,5,6,8,9,10,14,15,16,17,19,21,22,23,24,25,26,27,28,30,31,32,33,34,36,38,40,42,44,45
CPU Time: 0.015 ms

V 45
CNF-SAT-VC: 1,2,4,5,7,9,10,12,15,17,18,23,26,28,30,32,36,39,40,41,42
CPU Time: 138.258 ms
APPROX-VC-1: 1,2,3,4,7,9,10,12,15,16,17,18,21,23,24,25,30,32,36,37,39,42
CPU Time: 0.079 ms
APPROX-VC-2: 1,2,3,4,6,7,9,10,12,13,15,16,17,18,20,21,23,24,26,27,28,30,32,33,36,37,39,41,42,43,44,45
CPU Time: 0.015 ms

V 45
CNF-SAT-VC: 1,2,3,4,5,7,8,9,11,13,14,16,17,18,22,25,29,30,31,40,42
CPU Time: 308.633 ms
APPROX-VC-1: 1,2,3,5,6,8,9,11,13,15,16,18,22,25,27,29,30,31,32,33,38,39
CPU Time: 0.085 ms
APPROX-VC-2: 1,2,3,5,6,7,8,9,10,13,14,15,16,17,18,21,22,23,24,25,27,28,29,30,31,32,33,34,38,39,40,41,42,45
CPU Time: 0.018 ms

V 50
CNF-SAT-VC: 1,2,5,8,9,11,12,13,14,15,16,19,20,24,25,27,28,30,32,38,39,41,42,44
CPU Time: 287.455 ms
APPROX-VC-1: 1,2,3,5,6,8,9,11,12,15,16,17,19,20,21,22,25,27,28,31,32,36,40,41,42
CPU Time: 0.088 ms
APPROX-VC-2: 1,2,4,5,6,7,8,9,10,11,12,15,16,17,18,19,20,23,24,26,27,28,29,31,32,34,36,37,39,40,41,42,43,44,45,46,48,49
CPU Time: 0.020 ms

V 50
CNF-SAT-VC: 2,9,13,16,17,20,21,22,23,28,29,30,31,32,34,38,39,40,41,42,43,47,48,50
CPU Time: 442.112 ms
APPROX-VC-1: 2,3,8,9,10,11,13,16,17,18,20,21,22,23,25,29,30,31,32,34,38,47,48,50
CPU Time: 0.094 ms
APPROX-VC-2: 1,2,3,5,6,7,8,9,10,11,13,15,16,17,18,19,20,21,22,23,25,26,27,28,29,30,31,32,33,34,36,38,39,40,41,42,43,46,47,48,49,50
CPU Time: 0.018 ms

V 50
CNF-SAT-VC: 1,2,4,5,6,7,12,14,16,17,20,23,24,28,30,31,32,33,34,35,36,45,47,48
CPU Time: 330.505 ms
APPROX-VC-1: 1,2,4,5,6,7,9,12,13,14,16,17,19,20,22,23,24,25,26,29,30,31,33,34,37
CPU Time: 0.087 ms
APPROX-VC-2: 1,2,4,5,7,8,9,11,12,14,15,17,18,19,20,22,23,24,25,28,29,30,31,33,34,35,36,37,41,42,44,45,46,47,48,50
CPU Time: 0.018 ms

V 50
CNF-SAT-VC: 2,3,4,6,8,10,12,13,15,16,21,24,28,30,31,32,33,37,39,41,43,45,48,49
CPU Time: 341.874 ms
APPROX-VC-1: 2,4,6,7,8,9,10,11,12,13,15,16,17,19,22,24,25,27,28,29,30,32,35,40,46,48
CPU Time: 0.114 ms
APPROX-VC-2: 2,3,4,6,7,8,9,10,11,12,13,14,15,16,17,19,20,21,22,24,26,28,29,30,31,32,33,34,35,36,39,41,43,45,46,47,48,49
CPU Time: 0.015 ms

V 50
CNF-SAT-VC: 1,2,4,5,7,10,12,16,19,20,22,24,25,26,27,31,32,33,34,37,38,45,46,48,49
CPU Time: 228.103 ms
APPROX-VC-1: 1,2,3,4,8,9,10,11,12,13,15,16,19,20,21,22,23,24,25,27,31,32,33,38,43,45,48
CPU Time: 0.092 ms
APPROX-VC-2: 1,2,3,4,5,7,8,10,11,12,15,16,17,18,19,20,21,24,25,26,27,28,29,31,32,33,34,35,36,37,38,39,41,42,43,44,45,46,48,49
CPU Time: 0.018 ms

V 50
CNF-SAT-VC: 2,5,6,9,10,12,13,14,15,19,23,25,27,28,29,31,33,36,37,39,40,43,44,45,48,49
CPU Time: 837.252 ms
APPROX-VC-1: 1,2,3,5,6,7,8,9,10,11,12,13,15,16,18,19,20,21,22,23,24,28,33,34,36,37,38
CPU Time: 0.089 ms
APPROX-VC-2: 2,3,4,5,6,7,9,10,11,12,13,14,15,16,17,18,19,20,22,23,24,25,27,28,29,31,33,34,36,37,38,39,40,42,43,44,47,49
CPU Time: 0.021 ms

V 50
CNF-SAT-VC: 5,6,7,11,12,13,14,17,18,19,21,22,24,27,28,29,30,33,37,38,42,49,50
CPU Time: 120.399 ms
APPROX-VC-1: 2,3,5,8,9,10,11,12,13,14,15,17,18,19,20,22,23,27,28,29,30,33,37,38
CPU Time: 0.086 ms
APPROX-VC-2: 1,2,4,5,6,7,8,10,11,13,14,15,17,18,19,20,21,22,23,24,25,27,28,29,30,33,34,37,38,40,42,46,49,50
CPU Time: 0.017 ms

V 50
CNF-SAT-VC: 3,6,9,10,11,12,17,18,21,22,23,24,25,26,29,30,33,34,35,40,43,44,45,49
CPU Time: 239.404 ms
APPROX-VC-1: 3,6,9,10,11,12,14,17,19,20,21,22,23,24,25,26,29,30,33,34,35,38,40,45,49
CPU Time: 0.086 ms
APPROX-VC-2: 1,2,3,5,6,7,8,9,10,11,12,13,14,15,16,18,19,20,21,23,24,25,26,27,28,29,31,32,33,34,35,36,38,40,41,43,45,46,49,50
CPU Time: 0.018 ms

V 50
CNF-SAT-VC: 1,2,3,7,8,9,10,11,15,17,18,19,23,24,25,27,30,31,33,38,41,48,49,50
CPU Time: 187.202 ms
APPROX-VC-1: 1,2,5,7,8,10,11,14,15,16,17,18,19,20,22,24,25,26,27,28,30,31,33,40,43,48,49
CPU Time: 0.089 ms
APPROX-VC-2: 2,5,7,8,11,13,14,15,16,17,18,19,20,21,22,23,24,25,27,31,32,35,36,38,40,41,42,43,45,46,47,48,49,50
CPU Time: 0.016 ms

V 50
CNF-SAT-VC: 1,2,3,5,7,9,13,16,22,23,24,26,28,29,30,31,32,33,36,38,41,44,46,47
CPU Time: 365.454 ms
APPROX-VC-1: 1,2,3,4,5,7,8,9,12,13,14,15,18,21,22,24,25,26,28,30,31,32,36,38,44,46
CPU Time: 0.088 ms
APPROX-VC-2: 1,3,4,5,7,8,9,10,11,12,13,14,15,17,21,22,23,24,25,26,27,28,29,30,31,32,33,34,35,36,38,39,41,42,44,46,48,50
CPU Time: 0.017 ms

